script_begin


[HelperObjectBegin]
	*medicallabm01	-30	-100	-30		30	100	30
	-node_tm
	-0.954780 0.000000 0.297312 0.000000
	0.000000 1.000000 0.000000 0.000000
	-0.297312 0.000000 -0.954780 0.000000
	-3708.949707 -124.563782 245.085526 1.000000

	*medicallabm02	-20	-100	-20		20	100	20
	-node_tm
	-0.999099 0.000000 -0.042440 0.000000
	0.000000 1.000000 0.000000 0.000000
	0.042440 0.000000 -0.999099 0.000000
	-3697.849365 -133.563690 468.082581 1.000000

	*medicallabm03	-20	-100	-20		20	100	20
	-node_tm
	-0.880812 0.000000 0.473465 0.000000
	0.000000 1.000000 0.000000 0.000000
	-0.473465 0.000000 -0.880812 0.000000
	-3595.697021 -141.363632 435.788544 1.000000

	*medicallabm04	-20	-100	-20		20	100	20
	-node_tm
	-0.510274 0.000000 0.860012 0.000000
	0.000000 1.000000 0.000000 0.000000
	-0.860012 0.000000 -0.510274 0.000000
	-3531.336182 -134.763641 361.346954 1.000000

	*medicallabm05	-20	-100	-20		20	100	20
	-node_tm
	-0.881699 0.000000 -0.471812 0.000000
	0.000000 1.000000 0.000000 0.000000
	0.471812 0.000000 -0.881699 0.000000
	-3801.544922 -114.763588 439.778503 1.000000

	*medicallabm06	-20	-100	-20		20	100	20
	-node_tm
	-0.515553 0.000000 -0.856858 0.000000
	0.000000 1.000000 0.000000 0.000000
	0.856858 0.000000 -0.515553 0.000000
	-3875.207764 -130.163635 359.379608 1.000000

	*medicallabm07	-20	-100	-20		20	100	20
	-node_tm
	-0.010948 0.000000 -0.999940 0.000000
	0.000000 1.000000 0.000000 0.000000
	0.999940 0.000000 -0.010948 0.000000
	-3904.738281 -142.963562 260.067444 1.000000

	*medicallabm08	-20	-100	-20		20	100	20
	-node_tm
	0.544239 0.000000 -0.838930 0.000000
	0.000000 1.000000 0.000000 0.000000
	0.838930 0.000000 0.544239 0.000000
	-3870.641846 -140.563660 166.131729 1.000000

	*medicallabm09	-20	-100	-20		20	100	20
	-node_tm
	0.854984 0.000000 -0.518654 0.000000
	0.000000 1.000000 0.000000 0.000000
	0.518654 0.000000 0.854984 0.000000
	-3795.699951 -117.163643 107.336090 1.000000

	*medicallabm10	-20	-100	-20		20	100	20
	-node_tm
	0.999832 0.000000 -0.018331 0.000000
	0.000000 1.000000 0.000000 0.000000
	0.018331 0.000000 0.999832 0.000000
	-3696.414063 -135.963669 89.054955 1.000000

	*medicallabm11	-20	-100	-20		20	100	20
	-node_tm
	0.879181 0.000000 0.476488 0.000000
	0.000000 1.000000 0.000000 0.000000
	-0.476488 0.000000 0.879181 0.000000
	-3615.330078 -102.163712 95.552185 1.000000

	*medicallabm12	-20	-100	-20		20	100	20
	-node_tm
	0.406729 0.000000 0.913549 0.000000
	0.000000 1.000000 0.000000 0.000000
	-0.913549 0.000000 0.406729 0.000000
	-3538.471191 -141.963638 163.318558 1.000000

	*medicallabm13	-20	-100	-20		20	100	20
	-node_tm
	-0.007660 0.000000 0.999971 0.000000
	0.000000 1.000000 0.000000 0.000000
	-0.999971 0.000000 -0.007660 0.000000
	-3508.784912 -131.963715 261.976990 1.000000

	*medicallabm14	-20	-50	-20		20	50	20
	-node_tm
	0.752072 0.000000 0.659081 0.000000
	0.000000 1.000000 0.000000 0.000000
	-0.659081 0.000000 0.752072 0.000000
	-8127.310059 -90.644882 1600.425049 1.000000

	*dpgoto_platform01	-40	-40	-40		40	40	40
	-node_tm
	1.000000 0.000000 -0.000000 0.000000
	0.000000 1.000000 0.000000 0.000000
	0.000000 0.000000 1.000000 0.000000
	1038.788208 21.665287 687.689026 1.000000

	*dpfrom_platform01	-30	-30	-30		30	30	30
	-node_tm
	1.000000 0.000000 -0.000000 0.000000
	0.000000 1.000000 0.000000 0.000000
	0.000000 0.000000 1.000000 0.000000
	1032.032104 22.428461 570.134338 1.000000

	*dmm01_0	-30	-100	-30		30	100	30
	-node_tm
	-0.954780 0.000000 0.297312 0.000000
	0.000000 1.000000 0.000000 0.000000
	-0.297312 0.000000 -0.954780 0.000000
	-3709.080322 -144.563782 257.358215 1.000000

	*dmm12_0	-20	-100	-20		20	100	20
	-node_tm
	0.406729 0.000000 0.913549 0.000000
	0.000000 1.000000 0.000000 0.000000
	-0.913549 0.000000 0.406729 0.000000
	-3546.315918 -161.963638 166.501205 1.000000

	*dmm11_0	-20	-100	-20		20	100	20
	-node_tm
	0.879181 0.000000 0.476488 0.000000
	0.000000 1.000000 0.000000 0.000000
	-0.476488 0.000000 0.879181 0.000000
	-3616.230957 -123.763702 101.932167 1.000000

	*dmm10_0	-20	-100	-20		20	100	20
	-node_tm
	0.999832 0.000000 -0.018331 0.000000
	0.000000 1.000000 0.000000 0.000000
	0.018331 0.000000 0.999832 0.000000
	-3704.244385 -155.963669 71.336647 1.000000

	*dmm09_0	-20	-100	-20		20	100	20
	-node_tm
	0.854984 0.000000 -0.518654 0.000000
	0.000000 1.000000 0.000000 0.000000
	0.518654 0.000000 0.854984 0.000000
	-3801.481689 -133.563644 100.338036 1.000000

	*dmm08_0	-20	-100	-20		20	100	20
	-node_tm
	0.544239 0.000000 -0.838930 0.000000
	0.000000 1.000000 0.000000 0.000000
	0.838930 0.000000 0.544239 0.000000
	-3871.424072 -160.563690 165.331711 1.000000

	*dmm07_0	-20	-100	-20		20	100	20
	-node_tm
	-0.026831 0.000000 -0.999640 0.000000
	0.000000 1.000000 0.000000 0.000000
	0.999640 0.000000 -0.026831 0.000000
	-3902.917480 -166.363586 259.371429 1.000000

	*dmm06_0	-20	-100	-20		20	100	20
	-node_tm
	-0.515553 0.000000 -0.856858 0.000000
	0.000000 1.000000 0.000000 0.000000
	0.856858 0.000000 -0.515553 0.000000
	-3871.425781 -152.763611 357.734039 1.000000

	*dmm05_0	-20	-100	-20		20	100	20
	-node_tm
	-0.881699 0.000000 -0.471812 0.000000
	0.000000 1.000000 0.000000 0.000000
	0.471812 0.000000 -0.881699 0.000000
	-3801.667725 -138.563583 424.366577 1.000000

	*dmm02_0	-20	-100	-20		20	100	20
	-node_tm
	-0.999937 0.000000 -0.011225 0.000000
	0.000000 1.000000 0.000000 0.000000
	0.011225 0.000000 -0.999937 0.000000
	-3703.631836 -162.963638 449.772797 1.000000

	*dmm03_0	-20	-100	-20		20	100	20
	-node_tm
	-0.880812 0.000000 0.473465 0.000000
	0.000000 1.000000 0.000000 0.000000
	-0.473465 0.000000 -0.880812 0.000000
	-3609.810303 -161.363632 423.333466 1.000000

	*dmm04_0	-20	-100	-20		20	100	20
	-node_tm
	-0.510274 0.000000 0.860012 0.000000
	0.000000 1.000000 0.000000 0.000000
	-0.860012 0.000000 -0.510274 0.000000
	-3548.105469 -154.763641 350.856506 1.000000

	*dmm13_0	-20	-100	-20		20	100	20
	-node_tm
	-0.007660 0.000000 0.999971 0.000000
	0.000000 1.000000 0.000000 0.000000
	-0.999971 0.000000 -0.007660 0.000000
	-3521.588379 -152.963699 260.018127 1.000000

	*dmm14_0	-20	-50	-20		20	50	20
	-node_tm
	0.752072 0.000000 0.659081 0.000000
	0.000000 1.000000 0.000000 0.000000
	-0.659081 0.000000 0.752072 0.000000
	-8139.770508 -110.644882 1597.119873 1.000000

	*medicallabm15	-20	-50	-20		20	50	20
	-node_tm
	-0.300989 0.000000 0.953628 0.000000
	0.000000 1.000000 0.000000 0.000000
	-0.953628 0.000000 -0.300989 0.000000
	-8188.279297 -115.777145 1522.361572 1.000000

	*medicallabm16	-20	-50	-20		20	50	20
	-node_tm
	0.913794 0.000000 -0.406178 0.000000
	0.000000 1.000000 0.000000 0.000000
	0.406178 0.000000 0.913794 0.000000
	-8050.301758 -84.377266 1627.542725 1.000000

	*dmm16_0	-20	-50	-20		20	50	20
	-node_tm
	0.913794 0.000000 -0.406178 0.000000
	0.000000 1.000000 0.000000 0.000000
	0.406178 0.000000 0.913794 0.000000
	-8054.991211 -104.377266 1631.018555 1.000000

	*dmm15_0	-20	-50	-20		20	50	20
	-node_tm
	-0.300989 0.000000 0.953628 0.000000
	0.000000 1.000000 0.000000 0.000000
	-0.953628 0.000000 -0.300989 0.000000
	-8183.638184 -135.777145 1519.438599 1.000000

	*medicallabm17	-20	-50	-20		20	50	20
	-node_tm
	0.737027 0.000000 0.675863 0.000000
	0.000000 1.000000 0.000000 0.000000
	-0.675863 0.000000 0.737027 0.000000
	-7777.802246 -136.827591 1374.977295 1.000000

	*medicallabm18	-20	-50	-20		20	50	20
	-node_tm
	0.737003 0.000000 0.675890 0.000000
	0.000000 1.000000 0.000000 0.000000
	-0.675890 0.000000 0.737003 0.000000
	-7736.051758 -144.757294 1329.355591 1.000000

	*medicallabm19	-20	-50	-20		20	50	20
	-node_tm
	0.737003 0.000000 0.675890 0.000000
	0.000000 1.000000 0.000000 0.000000
	-0.675890 0.000000 0.737003 0.000000
	-7693.421875 -151.685654 1282.258911 1.000000

	*medicallabm20	-20	-50	-20		20	50	20
	-node_tm
	0.737003 0.000000 0.675890 0.000000
	0.000000 1.000000 0.000000 0.000000
	-0.675890 0.000000 0.737003 0.000000
	-7651.636719 -167.297043 1237.046631 1.000000

	*medicallabm21	-20	-50	-20		20	50	20
	-node_tm
	0.737027 0.000000 0.675863 0.000000
	0.000000 1.000000 0.000000 0.000000
	-0.675863 0.000000 0.737027 0.000000
	-7962.449707 -134.912598 1213.293701 1.000000

	*dmm17_0	-20	-50	-20		20	50	20
	-node_tm
	0.737027 0.000000 0.675863 0.000000
	0.000000 1.000000 0.000000 0.000000
	-0.675863 0.000000 0.737027 0.000000
	-7797.923828 -156.827591 1354.818604 1.000000

	*dmm18_0	-20	-50	-20		20	50	20
	-node_tm
	0.737003 0.000000 0.675890 0.000000
	0.000000 1.000000 0.000000 0.000000
	-0.675890 0.000000 0.737003 0.000000
	-7756.216309 -164.757294 1309.242310 1.000000

	*dmm19_0	-20	-50	-20		20	50	20
	-node_tm
	0.737003 0.000000 0.675890 0.000000
	0.000000 1.000000 0.000000 0.000000
	-0.675890 0.000000 0.737003 0.000000
	-7713.421875 -171.685654 1262.258911 1.000000

	*dmm20_0	-20	-50	-20		20	50	20
	-node_tm
	0.737003 0.000000 0.675890 0.000000
	0.000000 1.000000 0.000000 0.000000
	-0.675890 0.000000 0.737003 0.000000
	-7671.636719 -187.297043 1217.046631 1.000000

	*dmm21_0	-20	-50	-20		20	50	20
	-node_tm
	0.737027 0.000000 0.675863 0.000000
	0.000000 1.000000 0.000000 0.000000
	-0.675863 0.000000 0.737027 0.000000
	-7938.003906 -154.512634 1228.912598 1.000000

	*medicallabm22	-20	-50	-20		20	50	20
	-node_tm
	0.737003 0.000000 0.675890 0.000000
	0.000000 1.000000 0.000000 0.000000
	-0.675890 0.000000 0.737003 0.000000
	-7922.247559 -142.606979 1170.119385 1.000000

	*medicallabm23	-20	-50	-20		20	50	20
	-node_tm
	0.737003 0.000000 0.675890 0.000000
	0.000000 1.000000 0.000000 0.000000
	-0.675890 0.000000 0.737003 0.000000
	-7874.911621 -151.400375 1128.731201 1.000000

	*medicallabm24	-20	-50	-20		20	50	20
	-node_tm
	0.737003 0.000000 0.675890 0.000000
	0.000000 1.000000 0.000000 0.000000
	-0.675890 0.000000 0.737003 0.000000
	-7830.031738 -156.362991 1083.361938 1.000000

	*dmm22_0	-20	-50	-20		20	50	20
	-node_tm
	0.737003 0.000000 0.675890 0.000000
	0.000000 1.000000 0.000000 0.000000
	-0.675890 0.000000 0.737003 0.000000
	-7898.067383 -162.406998 1187.708252 1.000000

	*dmm23_0	-20	-50	-20		20	50	20
	-node_tm
	0.737003 0.000000 0.675890 0.000000
	0.000000 1.000000 0.000000 0.000000
	-0.675890 0.000000 0.737003 0.000000
	-7853.025391 -171.400375 1142.328369 1.000000

	*dmm24_0	-20	-50	-20		20	50	20
	-node_tm
	0.737003 0.000000 0.675890 0.000000
	0.000000 1.000000 0.000000 0.000000
	-0.675890 0.000000 0.737003 0.000000
	-7810.462402 -176.362991 1098.380981 1.000000

	*medicallabm34	-60	-150	-60		60	150	60
	-node_tm
	-0.001098 0.000000 0.999999 0.000000
	0.000000 1.000000 0.000000 0.000000
	-0.999999 0.000000 -0.001098 0.000000
	-5541.424316 -150.976440 -33.074596 1.000000

	*dmm34_0	-80	-150	-80		80	150	80
	-node_tm
	0.009555 0.000000 0.999954 0.000000
	0.000000 1.000000 0.000000 0.000000
	-0.999954 0.000000 0.009555 0.000000
	-5535.296387 -170.976440 -45.581413 1.000000

	*medicallabm37	-40	-80	-40		40	80	40
	-node_tm
	0.009555 0.000000 0.999954 0.000000
	0.000000 1.000000 0.000000 0.000000
	-0.999954 0.000000 0.009555 0.000000
	132.377197 12.436516 115.423515 1.000000

	*dmm37_0	-15	-80	-15		15	80	15
	-node_tm
	0.009555 0.000000 0.999954 0.000000
	0.000000 1.000000 0.000000 0.000000
	-0.999954 0.000000 0.009555 0.000000
	310.435364 -7.563489 194.826523 1.000000

	*dmm37_1	-15	-80	-15		15	80	15
	-node_tm
	0.009555 0.000000 0.999954 0.000000
	0.000000 1.000000 0.000000 0.000000
	-0.999954 0.000000 0.009555 0.000000
	394.459839 -7.563489 107.276741 1.000000

	*dmm37_2	-15	-80	-15		15	80	15
	-node_tm
	0.009555 0.000000 0.999954 0.000000
	0.000000 1.000000 0.000000 0.000000
	-0.999954 0.000000 0.009555 0.000000
	279.038849 -7.563489 46.158470 1.000000

	*dmm37_3	-15	-80	-15		15	80	15
	-node_tm
	0.009555 0.000000 0.999954 0.000000
	0.000000 1.000000 0.000000 0.000000
	-0.999954 0.000000 0.009555 0.000000
	208.301346 -7.563489 150.723740 1.000000

	*medicallabm38	-15	-80	-15		15	80	15
	-node_tm
	0.009555 0.000000 0.999954 0.000000
	0.000000 1.000000 0.000000 0.000000
	-0.999954 0.000000 0.009555 0.000000
	84.225121 -22.361149 252.961472 1.000000

	*dmm38_0	-15	-80	-15		15	80	15
	-node_tm
	0.009555 0.000000 0.999954 0.000000
	0.000000 1.000000 0.000000 0.000000
	-0.999954 0.000000 0.009555 0.000000
	98.009880 -22.761141 289.639771 1.000000

	*dmm38_1	-15	-80	-15		15	80	15
	-node_tm
	0.009555 0.000000 0.999954 0.000000
	0.000000 1.000000 0.000000 0.000000
	-0.999954 0.000000 0.009555 0.000000
	92.484070 -22.761141 423.138367 1.000000

	*medicallabm39	-40	-80	-40		40	80	40
	-node_tm
	0.009555 0.000000 0.999954 0.000000
	0.000000 1.000000 0.000000 0.000000
	-0.999954 0.000000 0.009555 0.000000
	1052.199097 -9.154248 78.669174 1.000000

	*dmm39_0	-15	-80	-15		15	80	15
	-node_tm
	0.009555 0.000000 0.999954 0.000000
	0.000000 1.000000 0.000000 0.000000
	-0.999954 0.000000 0.009555 0.000000
	1065.065063 -32.754250 28.038721 1.000000

	*dmm39_1	-15	-80	-15		15	80	15
	-node_tm
	0.009555 0.000000 0.999954 0.000000
	0.000000 1.000000 0.000000 0.000000
	-0.999954 0.000000 0.009555 0.000000
	1030.549561 -29.154247 142.011261 1.000000

	*dmm39_2	-15	-80	-15		15	80	15
	-node_tm
	0.009555 0.000000 0.999954 0.000000
	0.000000 1.000000 0.000000 0.000000
	-0.999954 0.000000 0.009555 0.000000
	934.395935 -25.554249 54.713013 1.000000

	*dmm39_3	-15	-80	-15		15	80	15
	-node_tm
	0.009555 0.000000 0.999954 0.000000
	0.000000 1.000000 0.000000 0.000000
	-0.999954 0.000000 0.009555 0.000000
	918.831238 -27.354250 151.188889 1.000000

	*medicallabm41	-15	-80	-15		15	80	15
	-node_tm
	0.013745 0.000000 0.999906 0.000000
	0.000000 1.000000 0.000000 0.000000
	-0.999906 0.000000 0.013745 0.000000
	135.543610 -18.324804 1529.178589 1.000000

	*dmm41_0	-15	-80	-15		15	80	15
	-node_tm
	0.013745 0.000000 0.999906 0.000000
	0.000000 1.000000 0.000000 0.000000
	-0.999906 0.000000 0.013745 0.000000
	92.872047 -43.124798 1487.889038 1.000000

	*dmm41_1	-15	-80	-15		15	80	15
	-node_tm
	0.013745 0.000000 0.999906 0.000000
	0.000000 1.000000 0.000000 0.000000
	-0.999906 0.000000 0.013745 0.000000
	118.074074 -43.124798 1537.670166 1.000000

	*dmm41_2	-15	-80	-15		15	80	15
	-node_tm
	0.013745 0.000000 0.999906 0.000000
	0.000000 1.000000 0.000000 0.000000
	-0.999906 0.000000 0.013745 0.000000
	100.712189 -43.124798 1428.634888 1.000000

	*dmm41_3	-15	-80	-15		15	80	15
	-node_tm
	0.013745 0.000000 0.999906 0.000000
	0.000000 1.000000 0.000000 0.000000
	-0.999906 0.000000 0.013745 0.000000
	38.542084 -43.124798 1558.708008 1.000000

	*medicallabm42	-20	-80	-20		20	80	20
	-node_tm
	0.009555 0.000000 0.999954 0.000000
	0.000000 1.000000 0.000000 0.000000
	-0.999954 0.000000 0.009555 0.000000
	-198.284332 19.334583 1490.394287 1.000000

	*dmm42_0	-15	-80	-15		15	80	15
	-node_tm
	0.009555 0.000000 0.999954 0.000000
	0.000000 1.000000 0.000000 0.000000
	-0.999954 0.000000 0.009555 0.000000
	-35.792267 -0.665416 1563.734009 1.000000

	*dmm42_1	-15	-80	-15		15	80	15
	-node_tm
	0.009555 0.000000 0.999954 0.000000
	0.000000 1.000000 0.000000 0.000000
	-0.999954 0.000000 0.009555 0.000000
	-138.235535 -0.665416 1572.739258 1.000000

	*dmm42_4	-15	-80	-15		15	80	15
	-node_tm
	0.009555 0.000000 0.999954 0.000000
	0.000000 1.000000 0.000000 0.000000
	-0.999954 0.000000 0.009555 0.000000
	-63.595287 -0.665416 1494.365112 1.000000

	*dmm42_5	-15	-80	-15		15	80	15
	-node_tm
	0.009555 0.000000 0.999954 0.000000
	0.000000 1.000000 0.000000 0.000000
	-0.999954 0.000000 0.009555 0.000000
	-230.873779 -0.665416 1452.185547 1.000000

	*medicallabm46	-15	-80	-15		15	80	15
	-node_tm
	0.009555 0.000000 0.999954 0.000000
	0.000000 1.000000 0.000000 0.000000
	-0.999954 0.000000 0.009555 0.000000
	-956.518188 9.432827 2111.236572 1.000000

	*dmm46_0	-15	-80	-15		15	80	15
	-node_tm
	0.009555 0.000000 0.999954 0.000000
	0.000000 1.000000 0.000000 0.000000
	-0.999954 0.000000 0.009555 0.000000
	-1122.403687 -10.567173 1895.969482 1.000000

	*dmm46_1	-15	-80	-15		15	80	15
	-node_tm
	0.009555 0.000000 0.999954 0.000000
	0.000000 1.000000 0.000000 0.000000
	-0.999954 0.000000 0.009555 0.000000
	-901.603088 -10.567173 2012.587402 1.000000

	*dmm46_2	-15	-80	-15		15	80	15
	-node_tm
	0.009555 0.000000 0.999954 0.000000
	0.000000 1.000000 0.000000 0.000000
	-0.999954 0.000000 0.009555 0.000000
	-974.064575 -10.567173 1873.951050 1.000000

	*dmm46_3	-15	-80	-15		15	80	15
	-node_tm
	0.009555 0.000000 0.999954 0.000000
	0.000000 1.000000 0.000000 0.000000
	-0.999954 0.000000 0.009555 0.000000
	-1105.818359 -10.567173 2051.253174 1.000000

	*medicallabm35	-15	-80	-15		15	80	15
	-node_tm
	0.009561 0.000000 0.999954 0.000000
	0.000000 1.000000 0.000000 0.000000
	-0.999954 0.000000 0.009561 0.000000
	-1660.569214 -31.493912 1527.944946 1.000000

	*medicallabm103	-15	-80	-15		15	80	15
	-node_tm
	0.009561 0.000000 0.999954 0.000000
	0.000000 1.000000 0.000000 0.000000
	-0.999954 0.000000 0.009561 0.000000
	-1507.615601 -25.893745 1737.000122 1.000000

	*dmm103_0	-15	-80	-15		15	80	15
	-node_tm
	0.009561 0.000000 0.999954 0.000000
	0.000000 1.000000 0.000000 0.000000
	-0.999954 0.000000 0.009561 0.000000
	-1521.601685 -45.893745 1828.749756 1.000000

	*dmm103_2	-15	-80	-15		15	80	15
	-node_tm
	0.009561 0.000000 0.999954 0.000000
	0.000000 1.000000 0.000000 0.000000
	-0.999954 0.000000 0.009561 0.000000
	-1657.401978 -45.893745 1754.863037 1.000000

	*dmm103_3	-15	-80	-15		15	80	15
	-node_tm
	0.009561 0.000000 0.999954 0.000000
	0.000000 1.000000 0.000000 0.000000
	-0.999954 0.000000 0.009561 0.000000
	-1528.343872 -45.893745 1569.090210 1.000000

	*dmm35_0	-15	-80	-15		15	80	15
	-node_tm
	0.009561 0.000000 0.999954 0.000000
	0.000000 1.000000 0.000000 0.000000
	-0.999954 0.000000 0.009561 0.000000
	-1557.898193 -51.493912 1461.397827 1.000000

	*dmm35_1	-15	-80	-15		15	80	15
	-node_tm
	0.009561 0.000000 0.999954 0.000000
	0.000000 1.000000 0.000000 0.000000
	-0.999954 0.000000 0.009561 0.000000
	-1591.690430 -51.493912 1633.051270 1.000000

	*dmm35_2	-15	-80	-15		15	80	15
	-node_tm
	0.009561 0.000000 0.999954 0.000000
	0.000000 1.000000 0.000000 0.000000
	-0.999954 0.000000 0.009561 0.000000
	-1708.250488 -51.493912 1472.594971 1.000000

	*dmm35_3	-15	-80	-15		15	80	15
	-node_tm
	0.009561 0.000000 0.999954 0.000000
	0.000000 1.000000 0.000000 0.000000
	-0.999954 0.000000 0.009561 0.000000
	-1740.364502 -51.493912 1627.377319 1.000000

	*medicallabm104	-15	-80	-15		15	80	15
	-node_tm
	0.009561 0.000000 0.999954 0.000000
	0.000000 1.000000 0.000000 0.000000
	-0.999954 0.000000 0.009561 0.000000
	-2122.833740 -31.493206 1450.054932 1.000000

	*dmm104_0	-15	-80	-15		15	80	15
	-node_tm
	0.009561 0.000000 0.999954 0.000000
	0.000000 1.000000 0.000000 0.000000
	-0.999954 0.000000 0.009561 0.000000
	-2009.431519 -51.493206 1605.413818 1.000000

	*dmm104_1	-15	-80	-15		15	80	15
	-node_tm
	0.009561 0.000000 0.999954 0.000000
	0.000000 1.000000 0.000000 0.000000
	-0.999954 0.000000 0.009561 0.000000
	-2110.861084 -51.493206 1524.332275 1.000000

	*dmm104_2	-15	-80	-15		15	80	15
	-node_tm
	0.009561 0.000000 0.999954 0.000000
	0.000000 1.000000 0.000000 0.000000
	-0.999954 0.000000 0.009561 0.000000
	-2091.242188 -51.493206 1745.127197 1.000000

	*dmm104_3	-15	-80	-15		15	80	15
	-node_tm
	0.009561 0.000000 0.999954 0.000000
	0.000000 1.000000 0.000000 0.000000
	-0.999954 0.000000 0.009561 0.000000
	-2043.692383 -51.493206 1400.735596 1.000000

	*dmm104_4	-15	-80	-15		15	80	15
	-node_tm
	0.009561 0.000000 0.999954 0.000000
	0.000000 1.000000 0.000000 0.000000
	-0.999954 0.000000 0.009561 0.000000
	-2180.727783 -51.493206 1609.693970 1.000000

	*dmm104_5	-15	-80	-15		15	80	15
	-node_tm
	0.009561 0.000000 0.999954 0.000000
	0.000000 1.000000 0.000000 0.000000
	-0.999954 0.000000 0.009561 0.000000
	-2229.143311 -51.493206 1417.931396 1.000000

	*medicallabm105	-15	-60	-15		15	60	15
	-node_tm
	1.000000 0.000000 -0.000000 0.000000
	0.000000 1.000000 0.000000 0.000000
	0.000000 0.000000 1.000000 0.000000
	-2630.567627 -6.208931 1307.661255 1.000000

	*medicallabm106	-15	-60	-15		15	60	15
	-node_tm
	1.000000 0.000000 -0.000000 0.000000
	0.000000 1.000000 0.000000 0.000000
	0.000000 0.000000 1.000000 0.000000
	-3615.328125 -118.764481 1313.876587 1.000000

	*dmm105_0	-15	-60	-15		15	60	15
	-node_tm
	1.000000 0.000000 -0.000000 0.000000
	0.000000 1.000000 0.000000 0.000000
	0.000000 0.000000 1.000000 0.000000
	-2638.647705 -26.208931 1296.502808 1.000000

	*dmm106_0	-15	-60	-15		15	60	15
	-node_tm
	1.000000 0.000000 -0.000000 0.000000
	0.000000 1.000000 0.000000 0.000000
	0.000000 0.000000 1.000000 0.000000
	-3615.198730 -131.764496 1311.781006 1.000000

	*medicallabm111	-15	-80	-15		15	80	15
	-node_tm
	0.009565 0.000000 0.999954 0.000000
	0.000000 1.000000 0.000000 0.000000
	-0.999954 0.000000 0.009565 0.000000
	968.713318 9.176089 105.514038 1.000000

	*dmm111_0	-15	-80	-15		15	80	15
	-node_tm
	0.009565 0.000000 0.999954 0.000000
	0.000000 1.000000 0.000000 0.000000
	-0.999954 0.000000 0.009565 0.000000
	968.123657 -26.623911 103.034508 1.000000

	*medicallabm112	-20	-80	-20		20	80	20
	-node_tm
	0.009565 0.000000 0.999954 0.000000
	0.000000 1.000000 0.000000 0.000000
	-0.999954 0.000000 0.009565 0.000000
	303.937622 -6.160633 65.993980 1.000000

	*dmm112_0	-15	-80	-15		15	80	15
	-node_tm
	0.009565 0.000000 0.999954 0.000000
	0.000000 1.000000 0.000000 0.000000
	-0.999954 0.000000 0.009565 0.000000
	286.846497 -15.760629 121.417610 1.000000

	*medicallabm113	-15	-80	-15		15	80	15
	-node_tm
	0.009565 0.000000 0.999954 0.000000
	0.000000 1.000000 0.000000 0.000000
	-0.999954 0.000000 0.009565 0.000000
	60.765408 -16.961105 354.495239 1.000000

	*dmm113_0	-15	-80	-15		15	80	15
	-node_tm
	0.009565 0.000000 0.999954 0.000000
	0.000000 1.000000 0.000000 0.000000
	-0.999954 0.000000 0.009565 0.000000
	39.943443 -36.961098 346.674072 1.000000

	*medicallabm44	-15	-80	-15		15	80	15
	-node_tm
	0.009565 0.000000 0.999954 0.000000
	0.000000 1.000000 0.000000 0.000000
	-0.999954 0.000000 0.009565 0.000000
	-1012.161438 -7.168182 2000.429688 1.000000

	*dmm44_0	-15	-80	-15		15	80	15
	-node_tm
	0.009565 0.000000 0.999954 0.000000
	0.000000 1.000000 0.000000 0.000000
	-0.999954 0.000000 0.009565 0.000000
	-1016.251343 -27.168182 1996.014160 1.000000

	*medicallabm85	-15	-80	-15		15	80	15
	-node_tm
	-0.822865 0.000000 0.568237 0.000000
	0.000000 1.000000 0.000000 0.000000
	-0.568237 0.000000 -0.822865 0.000000
	-3678.876221 -125.781128 1405.800171 1.000000

	*dmm85_0	-15	-80	-15		15	80	15
	-node_tm
	-0.822865 0.000000 0.568237 0.000000
	0.000000 1.000000 0.000000 0.000000
	-0.568237 0.000000 -0.822865 0.000000
	-3460.678711 -145.781097 1382.902100 1.000000

	*dmm85_1	-15	-80	-15		15	80	15
	-node_tm
	-0.822865 0.000000 0.568237 0.000000
	0.000000 1.000000 0.000000 0.000000
	-0.568237 0.000000 -0.822865 0.000000
	-3650.731445 -145.781097 1491.789795 1.000000

	*dmm85_2	-15	-80	-15		15	80	15
	-node_tm
	-0.822865 0.000000 0.568237 0.000000
	0.000000 1.000000 0.000000 0.000000
	-0.568237 0.000000 -0.822865 0.000000
	-3571.982178 -145.781113 1264.769775 1.000000

	*dmm85_3	-15	-80	-15		15	80	15
	-node_tm
	-0.822865 0.000000 0.568237 0.000000
	0.000000 1.000000 0.000000 0.000000
	-0.568237 0.000000 -0.822865 0.000000
	-3714.855713 -145.781097 1359.491821 1.000000

	*medicallabm81	-15	-80	-15		15	80	15
	-node_tm
	-0.171273 0.000000 0.985224 0.000000
	0.000000 1.000000 0.000000 0.000000
	-0.985224 0.000000 -0.171273 0.000000
	-2607.468994 -33.537514 1206.208862 1.000000

	*dmm81_0	-15	-80	-15		15	80	15
	-node_tm
	-0.171273 0.000000 0.985224 0.000000
	0.000000 1.000000 0.000000 0.000000
	-0.985224 0.000000 -0.171273 0.000000
	-2554.409180 -53.537518 1275.123291 1.000000

	*dmm81_1	-15	-80	-15		15	80	15
	-node_tm
	-0.171273 0.000000 0.985224 0.000000
	0.000000 1.000000 0.000000 0.000000
	-0.985224 0.000000 -0.171273 0.000000
	-2610.138672 -53.537518 1364.893188 1.000000

	*dmm81_2	-15	-80	-15		15	80	15
	-node_tm
	-0.171273 0.000000 0.985224 0.000000
	0.000000 1.000000 0.000000 0.000000
	-0.985224 0.000000 -0.171273 0.000000
	-2662.300049 -53.537518 1211.594360 1.000000

	*dmm81_3	-15	-80	-15		15	80	15
	-node_tm
	-0.171273 0.000000 0.985224 0.000000
	0.000000 1.000000 0.000000 0.000000
	-0.985224 0.000000 -0.171273 0.000000
	-2712.553955 -53.537518 1318.859497 1.000000

	*medicallabm80	-15	-60	-15		15	60	15
	-node_tm
	1.000000 0.000000 -0.000000 0.000000
	0.000000 1.000000 0.000000 0.000000
	0.000000 0.000000 1.000000 0.000000
	-2563.859619 -10.295898 1729.882202 1.000000

	*dmm80_0	-15	-60	-15		15	60	15
	-node_tm
	1.000000 0.000000 -0.000000 0.000000
	0.000000 1.000000 0.000000 0.000000
	0.000000 0.000000 1.000000 0.000000
	-2854.420654 -55.295902 1849.290649 1.000000

	*dmm80_1	-15	-60	-15		15	60	15
	-node_tm
	1.000000 0.000000 -0.000000 0.000000
	0.000000 1.000000 0.000000 0.000000
	0.000000 0.000000 1.000000 0.000000
	-2262.380127 -30.295898 1698.312866 1.000000

	*dmm80_2	-15	-60	-15		15	60	15
	-node_tm
	1.000000 0.000000 -0.000000 0.000000
	0.000000 1.000000 0.000000 0.000000
	0.000000 0.000000 1.000000 0.000000
	-2566.545410 -47.495895 1935.493774 1.000000

	*dmm80_3	-15	-60	-15		15	60	15
	-node_tm
	1.000000 0.000000 -0.000000 0.000000
	0.000000 1.000000 0.000000 0.000000
	0.000000 0.000000 1.000000 0.000000
	-2759.855225 -44.095890 1575.319458 1.000000

	*medicallabm82	-15	-80	-15		15	80	15
	-node_tm
	-0.171273 0.000000 0.985224 0.000000
	0.000000 1.000000 0.000000 0.000000
	-0.985224 0.000000 -0.171273 0.000000
	-3300.797119 -138.918259 1153.709717 1.000000

	*dmm82_0	-15	-80	-15		15	80	15
	-node_tm
	-0.171273 0.000000 0.985224 0.000000
	0.000000 1.000000 0.000000 0.000000
	-0.985224 0.000000 -0.171273 0.000000
	-3284.606689 -159.318207 1055.453247 1.000000

	*dmm82_1	-15	-80	-15		15	80	15
	-node_tm
	-0.171273 0.000000 0.985224 0.000000
	0.000000 1.000000 0.000000 0.000000
	-0.985224 0.000000 -0.171273 0.000000
	-3090.064209 -158.918243 1254.222900 1.000000

	*dmm82_2	-15	-80	-15		15	80	15
	-node_tm
	-0.171273 0.000000 0.985224 0.000000
	0.000000 1.000000 0.000000 0.000000
	-0.985224 0.000000 -0.171273 0.000000
	-3735.091064 -160.518250 1079.446533 1.000000

	*dmm82_3	-15	-80	-15		15	80	15
	-node_tm
	-0.171273 0.000000 0.985224 0.000000
	0.000000 1.000000 0.000000 0.000000
	-0.985224 0.000000 -0.171273 0.000000
	-3467.727539 -158.918243 1537.114868 1.000000

	*medicallabm45	-15	-60	-15		15	60	15
	-node_tm
	1.000000 0.000000 -0.000000 0.000000
	0.000000 1.000000 0.000000 0.000000
	0.000000 0.000000 1.000000 0.000000
	-3393.268311 -104.238953 1503.000244 1.000000

	*dmm45_0	-15	-80	-15		15	80	15
	-node_tm
	1.000000 0.000000 -0.000000 0.000000
	0.000000 1.000000 0.000000 0.000000
	0.000000 0.000000 1.000000 0.000000
	-3447.063477 -124.238953 1442.610596 1.000000

	*dmm45_1	-15	-80	-15		15	80	15
	-node_tm
	1.000000 0.000000 -0.000000 0.000000
	0.000000 1.000000 0.000000 0.000000
	0.000000 0.000000 1.000000 0.000000
	-3665.309570 -124.238953 1265.973633 1.000000

	*dmm45_2	-15	-80	-15		15	80	15
	-node_tm
	1.000000 0.000000 -0.000000 0.000000
	0.000000 1.000000 0.000000 0.000000
	0.000000 0.000000 1.000000 0.000000
	-3509.391357 -124.238953 1322.033569 1.000000

	*dmm45_3	-15	-80	-15		15	80	15
	-node_tm
	1.000000 0.000000 -0.000000 0.000000
	0.000000 1.000000 0.000000 0.000000
	0.000000 0.000000 1.000000 0.000000
	-3561.973877 -124.238953 1549.699585 1.000000

	*medicallabm47	-15	-60	-15		15	60	15
	-node_tm
	1.000000 0.000000 -0.000000 0.000000
	0.000000 1.000000 0.000000 0.000000
	0.000000 0.000000 1.000000 0.000000
	-2858.455078 -67.194984 1044.705200 1.000000

	*dmm47_0	-15	-60	-15		15	60	15
	-node_tm
	1.000000 0.000000 -0.000000 0.000000
	0.000000 1.000000 0.000000 0.000000
	0.000000 0.000000 1.000000 0.000000
	-2933.163818 -87.194977 1046.183960 1.000000

	*dmm47_1	-15	-60	-15		15	60	15
	-node_tm
	1.000000 0.000000 -0.000000 0.000000
	0.000000 1.000000 0.000000 0.000000
	0.000000 0.000000 1.000000 0.000000
	-2820.260254 -87.194977 1121.816528 1.000000

	*dmm47_2	-15	-60	-15		15	60	15
	-node_tm
	1.000000 0.000000 -0.000000 0.000000
	0.000000 1.000000 0.000000 0.000000
	0.000000 0.000000 1.000000 0.000000
	-3067.741943 -87.194977 1161.243530 1.000000

	*dmm47_3	-15	-60	-15		15	60	15
	-node_tm
	1.000000 0.000000 -0.000000 0.000000
	0.000000 1.000000 0.000000 0.000000
	0.000000 0.000000 1.000000 0.000000
	-2892.858398 -87.194977 1222.310913 1.000000

	*medicallabm102	-15	-60	-15		15	60	15
	-node_tm
	1.000000 0.000000 -0.000000 0.000000
	0.000000 1.000000 0.000000 0.000000
	0.000000 0.000000 1.000000 0.000000
	-2895.198975 -75.718460 1163.017456 1.000000

	*dmm102_0	-15	-60	-15		15	60	15
	-node_tm
	1.000000 0.000000 -0.000000 0.000000
	0.000000 1.000000 0.000000 0.000000
	0.000000 0.000000 1.000000 0.000000
	-2904.173096 -95.718460 1133.237915 1.000000

	*medicallabm28	-50	-80	-50		50	80	50
	-node_tm
	0.009569 0.000000 0.999954 0.000000
	0.000000 1.000000 0.000000 0.000000
	-0.999954 0.000000 0.009569 0.000000
	-5446.346191 -181.576416 -21.917345 1.000000

	*dmm28_0	-25	-80	-25		25	80	25
	-node_tm
	0.009569 0.000000 0.999954 0.000000
	0.000000 1.000000 0.000000 0.000000
	-0.999954 0.000000 0.009569 0.000000
	-5462.343262 -201.576416 -109.689301 1.000000

	*dmm28_1	-25	-80	-25		25	80	25
	-node_tm
	0.009569 0.000000 0.999954 0.000000
	0.000000 1.000000 0.000000 0.000000
	-0.999954 0.000000 0.009569 0.000000
	-5457.012207 -201.576416 61.831364 1.000000

	*dmm28_2	-25	-80	-25		25	80	25
	-node_tm
	0.009569 0.000000 0.999954 0.000000
	0.000000 1.000000 0.000000 0.000000
	-0.999954 0.000000 0.009569 0.000000
	-5651.212402 -201.576416 -113.412704 1.000000

	*dmm28_3	-25	-80	-25		25	80	25
	-node_tm
	0.009569 0.000000 0.999954 0.000000
	0.000000 1.000000 0.000000 0.000000
	-0.999954 0.000000 0.009569 0.000000
	-5649.997559 -201.576416 65.042191 1.000000

	*medicallabm29	-50	-150	-50		50	150	50
	-node_tm
	0.009569 0.000000 0.999954 0.000000
	0.000000 1.000000 0.000000 0.000000
	-0.999954 0.000000 0.009569 0.000000
	-5546.857910 -186.422791 18.324907 1.000000

	*dmm29_0	-25	-150	-25		25	150	25
	-node_tm
	0.009569 0.000000 0.999954 0.000000
	0.000000 1.000000 0.000000 0.000000
	-0.999954 0.000000 0.009569 0.000000
	-5462.748047 -206.422791 -19.938959 1.000000

	*dmm29_1	-25	-150	-25		25	150	25
	-node_tm
	0.009569 0.000000 0.999954 0.000000
	0.000000 1.000000 0.000000 0.000000
	-0.999954 0.000000 0.009569 0.000000
	-5549.995117 -206.422791 -104.755119 1.000000

	*dmm29_2	-25	-150	-25		25	150	25
	-node_tm
	0.009569 0.000000 0.999954 0.000000
	0.000000 1.000000 0.000000 0.000000
	-0.999954 0.000000 0.009569 0.000000
	-5640.364746 -206.422791 -23.692739 1.000000

	*dmm29_3	-25	-150	-25		25	150	25
	-node_tm
	0.009569 0.000000 0.999954 0.000000
	0.000000 1.000000 0.000000 0.000000
	-0.999954 0.000000 0.009569 0.000000
	-5544.875488 -206.422791 56.985043 1.000000

	*medicallabm25	-50	-80	-50		50	80	50
	-node_tm
	0.009569 0.000000 0.999954 0.000000
	0.000000 1.000000 0.000000 0.000000
	-0.999954 0.000000 0.009569 0.000000
	-6054.710938 -181.576355 633.158264 1.000000

	*dmm25_0	-25	-80	-25		25	80	25
	-node_tm
	0.009569 0.000000 0.999954 0.000000
	0.000000 1.000000 0.000000 0.000000
	-0.999954 0.000000 0.009569 0.000000
	-6051.476074 -201.576355 485.760132 1.000000

	*dmm25_1	-25	-80	-25		25	80	25
	-node_tm
	0.009569 0.000000 0.999954 0.000000
	0.000000 1.000000 0.000000 0.000000
	-0.999954 0.000000 0.009569 0.000000
	-6053.398438 -201.576355 645.588501 1.000000

	*dmm25_2	-25	-80	-25		25	80	25
	-node_tm
	0.009569 0.000000 0.999954 0.000000
	0.000000 1.000000 0.000000 0.000000
	-0.999954 0.000000 0.009569 0.000000
	-6218.264160 -201.576355 485.054138 1.000000

	*dmm25_3	-25	-80	-25		25	80	25
	-node_tm
	0.009569 0.000000 0.999954 0.000000
	0.000000 1.000000 0.000000 0.000000
	-0.999954 0.000000 0.009569 0.000000
	-6221.715820 -201.576355 651.420593 1.000000

	*medicallabm26	-50	-80	-50		50	80	50
	-node_tm
	0.009569 0.000000 0.999954 0.000000
	0.000000 1.000000 0.000000 0.000000
	-0.999954 0.000000 0.009569 0.000000
	-6136.437500 -181.576355 668.315002 1.000000

	*dmm26_0	-25	-80	-25		25	80	25
	-node_tm
	0.009569 0.000000 0.999954 0.000000
	0.000000 1.000000 0.000000 0.000000
	-0.999954 0.000000 0.009569 0.000000
	-6137.368652 -201.576355 479.446411 1.000000

	*dmm26_1	-25	-80	-25		25	80	25
	-node_tm
	0.009569 0.000000 0.999954 0.000000
	0.000000 1.000000 0.000000 0.000000
	-0.999954 0.000000 0.009569 0.000000
	-6049.540039 -201.576355 563.690979 1.000000

	*dmm26_2	-25	-80	-25		25	80	25
	-node_tm
	0.009569 0.000000 0.999954 0.000000
	0.000000 1.000000 0.000000 0.000000
	-0.999954 0.000000 0.009569 0.000000
	-6222.115234 -201.576355 568.044495 1.000000

	*dmm26_3	-25	-80	-25		25	80	25
	-node_tm
	0.009569 0.000000 0.999954 0.000000
	0.000000 1.000000 0.000000 0.000000
	-0.999954 0.000000 0.009569 0.000000
	-6144.674316 -201.576355 654.502014 1.000000

	*medicallabm27	-50	-80	-50		50	80	50
	-node_tm
	0.009569 0.000000 0.999954 0.000000
	0.000000 1.000000 0.000000 0.000000
	-0.999954 0.000000 0.009569 0.000000
	-6131.053223 -181.576355 568.453430 1.000000

	*dmm27_0	-50	-80	-50		50	80	50
	-node_tm
	0.009569 0.000000 0.999954 0.000000
	0.000000 1.000000 0.000000 0.000000
	-0.999954 0.000000 0.009569 0.000000
	-6134.656738 -201.576355 555.903748 1.000000

	*medicallabm30	-50	-150	-50		50	150	50
	-node_tm
	0.355737 0.000000 0.934586 0.000000
	0.000000 1.000000 0.000000 0.000000
	-0.934586 0.000000 0.355737 0.000000
	-6923.048828 -186.825378 114.214943 1.000000

	*dmm30_0	-25	-150	-25		25	150	25
	-node_tm
	0.355737 0.000000 0.934586 0.000000
	0.000000 1.000000 0.000000 0.000000
	-0.934586 0.000000 0.355737 0.000000
	-6993.310547 -206.825378 54.770401 1.000000

	*dmm30_1	-25	-150	-25		25	150	25
	-node_tm
	0.355737 0.000000 0.934586 0.000000
	0.000000 1.000000 0.000000 0.000000
	-0.934586 0.000000 0.355737 0.000000
	-6926.726074 -206.825378 214.572678 1.000000

	*dmm30_2	-25	-150	-25		25	150	25
	-node_tm
	0.355737 0.000000 0.934586 0.000000
	0.000000 1.000000 0.000000 0.000000
	-0.934586 0.000000 0.355737 0.000000
	-7169.524414 -206.825378 122.399803 1.000000

	*dmm30_3	-25	-150	-25		25	150	25
	-node_tm
	0.355737 0.000000 0.934586 0.000000
	0.000000 1.000000 0.000000 0.000000
	-0.934586 0.000000 0.355737 0.000000
	-7106.509277 -206.825378 275.966248 1.000000

	*medicallabm31	-50	-150	-50		50	150	50
	-node_tm
	0.355737 0.000000 0.934586 0.000000
	0.000000 1.000000 0.000000 0.000000
	-0.934586 0.000000 0.355737 0.000000
	-7235.817871 -178.564392 229.176804 1.000000

	*dmm31_0	-25	-150	-25		25	150	25
	-node_tm
	0.355737 0.000000 0.934586 0.000000
	0.000000 1.000000 0.000000 0.000000
	-0.934586 0.000000 0.355737 0.000000
	-7084.335449 -198.564392 90.814262 1.000000

	*dmm31_1	-25	-150	-25		25	150	25
	-node_tm
	0.355737 0.000000 0.934586 0.000000
	0.000000 1.000000 0.000000 0.000000
	-0.934586 0.000000 0.355737 0.000000
	-7035.036133 -198.564392 248.850006 1.000000

	*dmm31_2	-25	-150	-25		25	150	25
	-node_tm
	0.355737 0.000000 0.934586 0.000000
	0.000000 1.000000 0.000000 0.000000
	-0.934586 0.000000 0.355737 0.000000
	-6956.812012 -198.564392 138.487350 1.000000

	*dmm31_3	-25	-150	-25		25	150	25
	-node_tm
	0.355737 0.000000 0.934586 0.000000
	0.000000 1.000000 0.000000 0.000000
	-0.934586 0.000000 0.355737 0.000000
	-7147.713867 -198.564392 202.638412 1.000000

	*medicallabm32	-50	-150	-50		50	150	50
	-node_tm
	0.355737 0.000000 0.934586 0.000000
	0.000000 1.000000 0.000000 0.000000
	-0.934586 0.000000 0.355737 0.000000
	-7034.094727 -179.762817 182.225540 1.000000

	*dmm32_0	-50	-150	-50		50	150	50
	-node_tm
	0.355737 0.000000 0.934586 0.000000
	0.000000 1.000000 0.000000 0.000000
	-0.934586 0.000000 0.355737 0.000000
	-7054.269531 -199.762817 162.128540 1.000000

	*medicallabm33	-50	-50	-50		50	50	50
	-node_tm
	0.939646 0.000000 0.342149 0.000000
	0.000000 1.000000 0.000000 0.000000
	-0.342149 0.000000 0.939646 0.000000
	-7322.848145 -174.483917 1440.602661 1.000000

	*dmm33_0	-25	-50	-25		25	50	25
	-node_tm
	0.939646 0.000000 0.342149 0.000000
	0.000000 1.000000 0.000000 0.000000
	-0.342149 0.000000 0.939646 0.000000
	-7301.430176 -194.483917 1457.807373 1.000000

	*dmm33_1	-25	-50	-25		25	50	25
	-node_tm
	0.939646 0.000000 0.342149 0.000000
	0.000000 1.000000 0.000000 0.000000
	-0.342149 0.000000 0.939646 0.000000
	-7342.823730 -194.483917 1586.611816 1.000000

	*dmm33_2	-25	-50	-25		25	50	25
	-node_tm
	0.939646 0.000000 0.342149 0.000000
	0.000000 1.000000 0.000000 0.000000
	-0.342149 0.000000 0.939646 0.000000
	-7471.953613 -194.483917 1392.530884 1.000000

	*dmm33_3	-25	-50	-25		25	50	25
	-node_tm
	0.939646 0.000000 0.342149 0.000000
	0.000000 1.000000 0.000000 0.000000
	-0.342149 0.000000 0.939646 0.000000
	-7516.877930 -194.483917 1534.429443 1.000000

	*medicallabm50	-50	-50	-50		50	50	50
	-node_tm
	0.947841 0.000000 0.318745 0.000000
	0.000000 1.000000 0.000000 0.000000
	-0.318745 0.000000 0.947841 0.000000
	-7577.892090 -181.170593 1447.396851 1.000000

	*dmm50_0	-25	-50	-25		25	50	25
	-node_tm
	0.947841 0.000000 0.318745 0.000000
	0.000000 1.000000 0.000000 0.000000
	-0.318745 0.000000 0.947841 0.000000
	-7325.531250 -201.170593 1529.573853 1.000000

	*dmm50_1	-25	-50	-25		25	50	25
	-node_tm
	0.947841 0.000000 0.318745 0.000000
	0.000000 1.000000 0.000000 0.000000
	-0.318745 0.000000 0.947841 0.000000
	-7433.273438 -201.170593 1564.421631 1.000000

	*dmm50_2	-25	-50	-25		25	50	25
	-node_tm
	0.947841 0.000000 0.318745 0.000000
	0.000000 1.000000 0.000000 0.000000
	-0.318745 0.000000 0.947841 0.000000
	-7384.327148 -201.170593 1427.069336 1.000000

	*dmm50_3	-25	-50	-25		25	50	25
	-node_tm
	0.947841 0.000000 0.318745 0.000000
	0.000000 1.000000 0.000000 0.000000
	-0.318745 0.000000 0.947841 0.000000
	-7497.406250 -201.170593 1468.420654 1.000000

	*medicallabm51	-50	-50	-50		50	50	50
	-node_tm
	0.924361 0.000000 0.381520 0.000000
	0.000000 1.000000 0.000000 0.000000
	-0.381520 0.000000 0.924361 0.000000
	-7391.419922 -181.528748 1514.632202 1.000000

	*dmm51_0	-50	-50	-50		50	50	50
	-node_tm
	0.924361 0.000000 0.381520 0.000000
	0.000000 1.000000 0.000000 0.000000
	-0.381520 0.000000 0.924361 0.000000
	-7411.575195 -201.528748 1494.758057 1.000000

	*medicallabm52	-50	-50	-50		50	50	50
	-node_tm
	0.510827 0.000000 0.859683 0.000000
	0.000000 1.000000 0.000000 0.000000
	-0.859683 0.000000 0.510827 0.000000
	-8340.792969 -182.935547 932.511780 1.000000

	*dmm52_0	-25	-50	-25		25	50	25
	-node_tm
	0.510827 0.000000 0.859683 0.000000
	0.000000 1.000000 0.000000 0.000000
	-0.859683 0.000000 0.510827 0.000000
	-8243.862305 -202.935547 759.833557 1.000000

	*dmm52_1	-25	-50	-25		25	50	25
	-node_tm
	0.510827 0.000000 0.859683 0.000000
	0.000000 1.000000 0.000000 0.000000
	-0.859683 0.000000 0.510827 0.000000
	-8172.031738 -202.935547 877.484131 1.000000

	*dmm52_2	-25	-50	-25		25	50	25
	-node_tm
	0.510827 0.000000 0.859683 0.000000
	0.000000 1.000000 0.000000 0.000000
	-0.859683 0.000000 0.510827 0.000000
	-8345.990234 -202.935547 821.255554 1.000000

	*dmm52_3	-25	-50	-25		25	50	25
	-node_tm
	0.510827 0.000000 0.859683 0.000000
	0.000000 1.000000 0.000000 0.000000
	-0.859683 0.000000 0.510827 0.000000
	-8277.962891 -202.935547 944.369263 1.000000

	*medicallabm53	-50	-50	-50		50	50	50
	-node_tm
	0.510821 0.000000 0.859687 0.000000
	0.000000 1.000000 0.000000 0.000000
	-0.859687 0.000000 0.510821 0.000000
	-8184.512207 -183.079712 978.899536 1.000000

	*dmm53_0	-25	-50	-25		25	50	25
	-node_tm
	0.510821 0.000000 0.859687 0.000000
	0.000000 1.000000 0.000000 0.000000
	-0.859687 0.000000 0.510821 0.000000
	-8293.694336 -203.079712 791.789917 1.000000

	*dmm53_1	-25	-50	-25		25	50	25
	-node_tm
	0.510821 0.000000 0.859687 0.000000
	0.000000 1.000000 0.000000 0.000000
	-0.859687 0.000000 0.510821 0.000000
	-8206.177734 -203.079712 820.766357 1.000000

	*dmm53_2	-25	-50	-25		25	50	25
	-node_tm
	0.510821 0.000000 0.859687 0.000000
	0.000000 1.000000 0.000000 0.000000
	-0.859687 0.000000 0.510821 0.000000
	-8316.288086 -203.079712 885.342041 1.000000

	*dmm53_3	-25	-50	-25		25	50	25
	-node_tm
	0.510821 0.000000 0.859687 0.000000
	0.000000 1.000000 0.000000 0.000000
	-0.859687 0.000000 0.510821 0.000000
	-8228.076172 -203.079712 912.443298 1.000000

	*medicallabm54	-50	-50	-50		50	50	50
	-node_tm
